13950101
13950102
13950103
13950104
13950112

13950202
13950216

13950302
13950315

13950407
13950416
13950417

13950509

13950622
13950630

13950720
13950721

13950830

13950908
13950910
13950918
13950927

13951212
13951229
13951230

13960101
13960102
13960103
13960112
13960113
13960122

13960205

13960314
13960315

13960405
13960406
13960429

13960618

13960708
13960709

13960818
13960828

13960906
13960915

13961122

13961201
13961229

13970101
13970102
13970104
13970111
13970112
13970113
13970125

13970212

13970314
13970315
13970316
13970326

13970418

13970531

13970608
13970628
13970629

13970808
13970816
13970817

13970904

13971120
13971122

13971229

13980101
13980103
13980104
13980112
13980113
13980114

13980201

13980306
13980314
13980315
13980316

13980408

13980521
13980529

13980618
13980619

13980727

13980805
13980807
13980815

13981109
13981122

13981218
13981229

13990102
13990103
13990104
13990112
13990113
13990121

13990304
13990305
13990314
13990315
13990328

13990518

13990608
13990609

13990717
13990726

13990804
13990813

13991028

13991122

13991207
13991221
13991230

14000101
14000102
14000103
14000104
14000109
14000112

14000214
14000225

14000315
14000317

14000430

14000507
14000527
14000528

14000706
14000714
14000715

14000802

14001126

14001210
14001228
14001229

14010101
14010102
14010103
14010104
14010113

14010203
14010213
14010214

14010314
14010315

14010419
14010427

14010517
14010518

14010626

14010703
14010705
14010713

14011007

14011116
14011122
14011130

14011217
14011229

14020101
14020102
14020103
14020112
14020113
14020124

14020202
14020203
14020226

14020314
14020315

14020408

14020507

14020615
14020623
14020625

14020702
14020711

14020926

14021122

14021207
14021229

14030101
14030102
14030104
14030112
14030113
14030123

14030216

14030214
14030215
14030228

14030314
14030315
14030328

14030405
14030426
14030427

14030604
14030612
14030614
14030622
14030631

14030915

14031025

14031109
14031122
14031127

14031229
14031230

14040102
14040103
14040104
14040111
14040112
14040113

14040204

14040314
14040315
14040317
14040325

14040414
14040415

14040601
14040602
14040610
14040619

14040904

14041013
14041027

14041115
14041122

14041220

14050101
14050102
14050103
14050104
14050112
14050113
14050125

14050307
14050314

14050404

14050513
14050521
14050531

14050609

14050823

14051002
14051016

14051104
14051122

14051210
14051219
14051220
14051229

14060101
14060102
14060103
14060104
14060112
14060114

14060227

14060304
14060315
14060325
14060326

14060503
14060511
14060512
14060520

14060812

14060921

14061005
14061023

14061208
14061209
14061229

14070101
14070102
14070103
14070104
14070113

14070217
14070225

14070314
14070315

14070501
14070502
14070510
14070519

14070801

14071012

14071118
14071122
14071127

14071221
14071229

14080101
14080102
14080103
14080112
14080113

14080206
14080214

14080303
14080304
14080314
14080315

14080413
14080421
14080431

14080509

14080830

14080914

14081002

14081107
14081117
14081118
14081122

14081229
14081230

14090101
14090103
14090104
14090112
14090113
14090125

14090202
14090222
14090223

14090314
14090315

14090401
14090409
14090411
14090419

14090710

14090819

14090903
14090920

14091026

14091105
14091106
14091122
14091129

14091229

14100102
14100103
14100104
14100112
14100113
14100114

14100213
14100314
14100315
14100321
14100329
14100331

14100408
14100417

14100630

14100808
14100822

14100910

14101015
14101025

14101119
14101122
